jacket:
  unit_cost: 3327619.7421896174
  deck_space: 201.81207607720756
  diameter: 20.09039950211083
  height: 15.0
  mass: 561.748694601058
transition_piece:
  deck_space: 25.0
  mass: 100.0
  unit_cost: 1000.0