jacket:
  unit_cost: 5576550.162810412
  deck_space: 340.4915224191139
  diameter: 26.09565183777228
  height: 55.0
  mass: 1426.7693486953044
transition_piece:
  deck_space: 25.0
  mass: 100.0
  unit_cost: 1000.0