jacket:
  unit_cost: 6099315.466924347
  deck_space: 348.48000000000013
  diameter: 26.400000000000006
  height: 65.0
  mass: 1622.3278375567822
transition_piece:
  deck_space: 25.0
  mass: 100.0
  unit_cost: 1000.0