jacket:
  unit_cost: 3352008.858669279
  deck_space: 242.0
  diameter: 22.0
  height: 15.0
  mass: 573.1469307869568
transition_piece:
  deck_space: 25.0
  mass: 100.0
  unit_cost: 1000.0
