jacket:
  unit_cost: 4279488.450508141
  deck_space: 241.99999999996234
  diameter: 21.999999999998288
  height: 35.0
  mass: 966.4397013159524
transition_piece:
  deck_space: 25.0
  mass: 100.0
  unit_cost: 1000.0
