jacket:
  unit_cost: 3320548.4489482953
  deck_space: 241.99999999995177
  diameter: 21.999999999997808
  height: 15.0
  mass: 558.3634131123547
transition_piece:
  deck_space: 25.0
  mass: 100.0
  unit_cost: 1000.0
#turbine: 15mw
