jacket:
  unit_cost: 5308107.205297333
  deck_space: 348.48000000000013
  diameter: 26.400000000000006
  height: 55.0
  mass: 1347.7192823576913
transition_piece:
  deck_space: 25.0
  mass: 100.0
  unit_cost: 1000.0
#turbine: 15mw
